40 70
150
0.5
1260
31 6
33 41
9 0
12 59
34 8
15 30
13 20
3 2
25 49
31 15
1 40
21 37
7 22
29 37
33 34
16 38
26 67
9 9
34 3
17 57
37 54
24 21
0 14
3 11
25 58
32 68
1 33
8 45
7 15
33 59
16 29
9 50
17 50
37 63
13 6
28 24
4 17
7 4
29 55
33 60
16 20
17 64
22 30
12 32
34 21
37 56
10 26
0 28
14 38
33 53
16 11
19 6
5 39
9 60
30 49
17 44
35 23
31 69
26 52
19 15
2 45
5 32
30 56
23 11
10 12
13 49
35 28
18 60
27 64
14 48
1 13
21 66
19 20
22 35
9 46
15 64
31 64
35 5
25 31
11 28
14 59
19 29
30 42
17 23
20 4
23 25
6 51
18 46
38 53
11 21
1 31
39 14
22 66
29 20
15 33
22 61
27 34
30 45
34 48
23 22
6 42
10 57
18 41
38 44
22 69
26 8
15 46
19 43
9 65
30 20
20 10
3 50
25 65
6 45
10 32
35 56
38 39
8 22
11 3
26 19
34 66
20 17
3 59
23 36
6 36
35 33
18 27
33 11
36 0
39 53
13 40
26 26
12 25
10 67
20 24
32 43
31 45
21 7
14 30
36 15
7 69
30 9
0 44
3 41
28 39
35 47
8 11
11 53
29 64
39 43
15 2
2 21
27 7
0 35
20 46
3 46
23 51
38 67
8 50
16 50
27 28
0 58
20 53
3 23
28 53
31 24
11 36
33 23
36 36
37 3
13 26
0 49
20 60
23 65
29 43
22 10
12 52
24 15
13 19
0 8
3 5
25 48
28 11
31 14
1 47
21 36
7 17
33 33
26 64
9 8
12 51
34 0
37 53
13 12
38 28
25 57
28 2
32 69
1 32
7 14
33 58
15 31
5 52
9 49
17 49
37 62
24 29
5 69
10 16
38 23
25 2
33 66
21 54
4 18
7 7
11 64
9 58
12 33
34 18
17 42
37 39
13 62
0 29
21 63
29 15
33 52
22 22
5 38
17 35
23 13
30 65
38 1
14 46
1 11
21 56
12 64
2 42
22 41
5 47
30 57
37 41
35 31
25 21
1 12
21 65
26 60
39 27
37 65
2 37
22 32
30 32
15 67
23 3
13 41
35 4
25 30
14 56
1 5
26 7
19 28
2 60
5 17
34 54
17 22
20 5
6 48
32 0
13 34
18 47
38 42
11 20
14 3
1 30
22 67
26 14
15 32
19 37
2 55
27 37
30 18
34 49
17 15
20 12
6 43
10 38
35 50
38 45
1 23
39 6
15 41
5 3
30 21
20 11
23 46
32 30
8 23
26 16
15 54
19 51
20 18
23 39
6 37
10 40
31 39
35 32
18 24
8 30
33 10
14 20
36 1
39 52
12 26
19 56
24 45
27 8
10 64
20 25
23 60
35 41
21 6
8 5
11 48
33 3
36 8
39 45
15 4
27 1
0 45
20 32
23 53
28 32
32 35
18 10
21 15
7 44
11 41
33 4
39 42
9 19
25 42
20 47
3 17
6 14
28 63
4 48
8 51
11 46
16 51
15 10
21 30
25 37
6 1
28 54
32 49
31 27
21 17
8 58
7 34
33 22
24 9
13 25
0 50
3 31
25 46
28 13
31 0
21 26
8 33
7 27
29 42
33 47
9 6
12 53
15 24
37 11
24 16
13 18
0 9
3 4
31 9
1 46
8 40
7 16
29 35
33 32
16 24
36 43
10 22
13 11
0 0
28 3
4 20
8 47
33 57
22 5
9 48
34 24
17 48
5 68
38 20
25 1
28 26
33 65
21 53
4 19
29 53
16 22
5 60
9 57
34 19
37 38
10 24
13 61
35 16
38 15
25 10
28 17
14 36
21 62
29 14
9 34
30 55
34 42
37 47
39 29
12 65
9 43
30 62
34 37
15 69
10 10
18 58
25 20
11 25
14 54
39 26
4 8
29 0
19 22
15 66
10 53
31 66
35 7
18 53
1 4
39 19
26 4
29 25
19 31
2 61
17 21
24 65
6 49
13 33
35 12
36 21
1 29
39 8
19 36
2 52
17 14
0 66
20 13
23 16
35 53
38 34
8 17
36 28
1 22
13 42
15 40
2 15
24 32
5 2
27 61
13 69
6 35
32 31
35 58
18 30
14 18
39 62
12 28
15 49
19 50
5 11
30 29
34 64
20 19
6 26
32 22
31 38
18 25
4 68
7 57
11 58
33 9
14 21
12 27
15 62
19 59
2 1
24 46
10 65
31 47
35 40
8 6
29 69
14 28
36 9
12 18
23 69
15 7
37 22
27 0
30 15
0 46
23 52
6 20
31 20
21 14
8 13
19 64
12 9
15 12
24 60
0 37
20 40
3 16
6 15
4 49
16 52
39 34
12 0
16 67
20 55
6 6
32 50
31 26
21 16
8 59
9 28
24 10
13 24
0 51
20 62
25 45
28 14
21 25
4 39
8 34
7 26
22 8
9 5
17 69
37 10
13 17
0 10
38 27
32 64
21 34
4 46
33 39
22 3
12 45
34 30
37 51
3 12
28 28
29 59
22 26
9 55
34 25
17 55
13 3
38 21
33 64
1 63
21 52
29 52
33 49
22 29
5 59
27 66
17 40
13 60
38 12
1 48
4 27
16 14
22 20
5 36
17 33
13 53
38 7
25 18
14 44
4 2
26 51
29 6
2 40
22 47
6 68
13 46
38 62
14 55
39 21
26 58
19 25
2 35
15 26
27 41
30 38
17 19
6 63
35 6
17 31
25 28
11 17
14 62
18 69
1 27
26 5
29 24
2 58
22 57
30 41
17 20
20 7
13 32
18 45
36 22
22 65
26 12
15 34
17 13
0 67
6 41
8 18
1 21
26 23
15 43
19 44
2 12
24 33
27 59
30 27
17 6
20 21
23 40
31 56
18 31
8 25
28 68
15 48
19 53
2 7
24 40
5 10
30 2
34 65
3 60
28 44
35 34
4 69
28 67
14 26
36 3
39 54
15 57
24 47
30 5
0 40
20 27
3 37
35 43
21 4
8 7
29 68
36 10
39 47
15 6
37 21
30 12
35 67
32 37
18 8
21 13
8 14
39 36
12 10
27 24
0 38
3 19
6 12
32 60
31 28
21 22
8 53
16 68
24 4
27 17
13 30
25 43
6 7
28 48
32 51
21 31
4 57
8 60
7 28
36 39
12 56
34 13
17 67
24 11
13 23
25 44
28 15
1 43
39 66
7 21
29 40
36 46
1 68
26 68
9 4
12 55
17 68
13 16
0 11
25 53
21 33
4 47
8 42
29 33
33 38
22 0
9 13
23 67
37 50
24 25
13 9
0 2
28 29
1 37
4 22
26 39
16 17
22 27
9 54
37 59
0 25
14 35
4 29
7 0
29 51
33 48
16 8
22 18
5 58
27 69
13 59
0 16
38 13
25 8
14 42
21 60
4 4
26 41
29 12
12 68
16 15
2 46
30 53
17 32
37 45
35 27
38 4
1 8
39 31
4 3
12 67
37 69
22 44
9 41
6 69
10 8
38 63
11 27
1 1
29 30
19 24
22 39
27 40
34 58
17 18
10 51
35 9
18 51
38 54
11 16
14 63
1 26
26 2
29 23
19 33
22 62
34 53
17 11
24 67
23 21
31 53
35 14
18 42
38 41
11 9
29 16
2 50
20 15
32 26
31 50
35 55
38 32
8 19
14 9
36 30
1 20
39 3
5 0
27 63
17 5
3 54
25 69
6 33
32 17
31 59
35 60
18 28
28 69
14 16
36 5
39 56
26 31
12 30
19 52
27 52
10 68
20 29
23 32
32 40
31 32
35 37
18 23
8 1
14 27
19 61
2 31
27 13
20 36
3 36
23 57
6 19
13 67
35 42
18 14
29 67
33 0
16 56
36 11
7 65
19 66
30 13
23 54
6 10
31 22
18 9
21 12
7 41
11 42
33 25
36 50
37 29
24 62
6 13
28 58
21 21
4 51
8 54
33 18
36 57
16 69
20 66
27 16
0 62
39 68
4 58
29 46
33 43
9 2
34 10
24 12
13 22
0 53
20 56
28 8
31 13
1 42
29 39
16 36
22 14
12 48
34 5
13 15
3 9
28 7
32 66
31 10
7 13
16 27
9 12
17 60
13 8
38 16
28 30
7 10
29 57
33 62
5 48
9 53
12 38
17 53
10 28
13 1
0 26
38 11
25 6
28 21
14 32
1 61
4 30
7 3
11 68
36 68
34 46
17 46
19 19
30 66
13 58
38 2
25 15
4 5
19 13
5 34
9 39
17 39
6 67
10 14
30 69
13 51
35 26
25 16
1 15
39 30
4 12
26 49
19 18
2 38
22 45
30 61
34 32
10 9
11 26
1 0
39 23
29 29
19 27
27 43
30 36
34 59
17 17
32 13
13 37
18 48
11 19
14 60
18 67
1 25
39 12
26 3
15 39
22 63
27 57
30 47
17 10
20 1
23 20
10 59
11 8
14 7
36 16
1 18
39 5
22 54
5 6
9 67
17 3
10 34
38 33
3 65
8 20
11 1
26 21
24 35
5 15
17 4
20 23
25 68
6 38
32 18
31 58
35 63
18 29
8 27
7 61
36 6
12 31
15 50
19 55
2 5
24 42
5 8
10 69
28 46
32 41
18 20
7 58
14 24
12 22
19 60
27 12
30 11
0 42
20 37
23 56
28 37
32 32
31 40
35 45
18 15
29 66
16 57
2 23
35 69
0 33
3 44
23 49
28 60
31 17
18 6
21 11
11 45
33 24
36 51
12 4
20 68
24 63
0 56
20 43
3 21
28 59
31 30
14 66
18 1
4 60
8 55
11 34
20 67
27 19
13 28
0 63
20 50
32 53
14 69
21 29
8 62
29 45
33 42
16 46
1 65
17 65
24 13
13 21
20 57
28 9
1 41
21 38
8 37
7 23
12 49
37 55
13 14
39 65
38 30
28 0
32 67
8 44
29 63
33 36
16 28
2 67
22 6
5 54
9 51
34 29
17 51
28 31
21 40
16 19
22 25
5 63
9 52
17 52
10 29
13 0
38 8
28 22
14 33
4 31
26 44
29 49
36 69
19 7
5 56
17 45
35 20
0 18
38 3
25 14
21 58
4 6
26 55
19 12
22 43
37 43
11 67
35 29
14 51
4 13
31 68
26 62
19 21
30 34
34 33
23 1
18 54
11 29
29 28
19 26
2 62
34 56
17 16
23 30
6 50
10 49
32 14
13 36
18 49
14 61
1 24
15 38
2 57
27 35
34 51
17 9
20 2
24 69
6 53
10 56
31 55
35 48
18 40
11 11
36 17
39 4
15 47
2 48
5 5
27 56
17 2
6 44
31 60
18 35
38 38
36 24
39 61
26 18
15 52
19 49
2 11
6 39
32 19
31 37
18 26
8 28
11 57
36 7
12 24
2 2
3 33
28 47
31 34
18 21
7 53
11 62
14 25
39 51
19 63
2 29
3 38
28 38
13 65
35 44
21 1
11 55
2 20
20 45
3 47
28 61
31 16
18 7
38 66
4 54
7 43
39 33
15 8
20 69
0 57
20 52
3 20
25 39
6 3
28 52
32 63
31 25
14 67
38 69
21 19
8 56
7 32
11 37
33 16
16 40
17 28
12 60
24 7
13 27
20 51
3 29
28 51
1260
32 54
21 28
4 36
8 63
7 25
16 47
36 34
1 64
19 69
24 14
0 55
20 58
11 54
4 35
8 38
36 41
22 12
12 50
38 31
28 1
21 46
4 42
29 62
2 64
22 7
5 53
34 26
24 28
10 19
0 5
38 22
25 3
8 69
33 67
1 58
26 34
19 1
27 65
17 43
13 63
17 27
25 4
28 23
33 68
1 51
21 48
26 45
29 48
22 17
34 44
37 33
29 54
10 5
30 64
13 56
0 19
38 0
25 13
14 41
1 52
21 57
4 7
29 9
16 2
22 40
9 37
34 39
17 37
37 42
38 59
25 22
4 14
29 2
30 35
34 62
10 55
32 8
18 55
38 50
1 6
39 17
26 6
21 64
2 63
22 58
5 18
27 45
10 62
32 15
13 35
35 10
14 2
18 65
19 34
2 54
5 27
17 8
37 64
32 6
31 54
35 51
11 10
14 5
36 18
1 16
39 7
2 49
22 52
17 1
32 29
31 63
3 67
7 33
14 12
36 25
39 60
15 55
19 48
2 8
24 37
27 48
30 31
10 43
32 20
31 36
11 52
8 29
7 63
28 64
11 56
14 23
2 3
24 44
27 9
30 6
3 32
31 41
6 31
28 40
4 65
8 4
7 52
11 49
33 12
39 50
19 62
2 26
24 51
27 14
23 58
6 22
32 34
31 42
18 13
21 0
16 59
36 54
12 15
37 17
24 58
6 9
32 57
31 19
18 4
21 9
4 55
7 42
33 30
36 61
39 32
9 21
12 6
16 65
15 11
37 26
24 1
6 0
14 64
4 62
8 57
7 35
16 41
37 20
9 30
12 61
34 14
24 8
27 21
31 1
21 27
4 37
8 32
7 24
33 40
16 32
9 7
34 9
15 25
37 12
20 59
8 39
29 36
22 13
17 56
24 22
0 15
3 10
4 43
8 46
29 61
16 30
2 65
22 4
12 42
34 27
13 5
0 6
28 25
1 57
26 35
16 21
19 0
22 31
5 61
10 27
35 17
38 14
25 11
28 16
14 39
1 50
4 25
16 12
19 9
9 35
30 54
37 32
13 55
35 22
0 20
25 12
11 50
4 0
26 53
29 8
16 3
17 36
23 10
10 13
13 48
38 56
4 15
29 1
5 40
9 45
34 63
6 57
10 52
32 9
18 52
38 51
11 31
39 16
29 26
22 59
27 44
30 43
19 23
24 64
23 24
10 63
35 13
36 20
39 9
29 19
22 50
5 26
0 65
32 7
31 49
18 38
17 29
8 16
14 10
36 19
26 9
19 42
2 14
22 53
9 64
3 53
6 34
10 33
31 62
18 33
38 36
3 66
11 2
36 26
39 63
31 67
2 9
5 12
27 51
30 28
34 67
3 58
32 21
7 62
28 65
11 59
31 43
26 27
15 63
2 0
3 35
6 28
28 41
31 44
4 66
7 55
14 31
12 17
19 65
24 52
30 14
35 65
3 40
6 23
23 41
35 46
8 12
16 60
36 55
12 8
15 13
37 16
2 18
0 36
23 50
32 58
31 18
18 5
38 64
21 8
7 37
33 29
36 62
19 67
9 20
12 7
16 66
27 31
20 54
4 63
11 39
16 42
36 37
9 29
12 62
34 15
15 19
37 2
27 20
20 61
4 38
16 33
22 11
34 6
38 26
28 4
4 45
17 66
26 65
12 44
34 1
17 63
37 52
24 23
38 29
3 13
25 56
8 64
1 39
21 44
7 9
29 60
16 31
5 51
12 43
24 30
13 4
0 7
1 56
26 32
33 50
19 3
22 28
17 41
0 30
1 49
4 26
26 43
36 64
19 8
22 23
5 37
23 44
23 12
10 3
35 25
0 21
38 6
25 19
14 47
1 10
26 50
29 7
16 4
39 24
19 17
22 46
5 46
37 40
23 5
13 47
35 30
26 61
2 34
22 33
5 23
9 44
30 33
34 60
37 66
23 2
32 10
38 48
25 29
11 30
14 57
18 68
22 56
5 16
27 47
30 40
34 55
20 6
23 27
10 60
32 1
18 44
38 43
17 30
11 23
14 0
26 15
29 18
15 35
22 51
5 25
27 36
30 19
6 40
10 39
32 24
31 48
18 39
11 12
39 1
26 22
30 26
17 7
20 20
3 52
10 46
31 57
38 37
3 69
8 24
11 5
36 27
26 17
2 6
27 50
27 58
3 61
23 38
10 41
8 31
28 66
36 2
39 55
26 24
27 11
30 4
20 26
3 34
6 29
32 45
18 16
21 5
4 67
33 2
2 24
24 53
35 64
20 33
3 43
28 33
18 11
7 47
11 40
33 27
16 61
36 48
39 37
9 18
37 31
27 25
25 35
28 56
32 59
31 29
18 2
38 65
8 52
7 36
11 33
36 63
9 27
15 21
37 24
24 3
27 30
13 31
0 60
3 25
25 36
28 55
4 56
7 29
11 38
33 21
16 43
12 63
15 18
37 1
27 23
3 30
29 41
33 46
36 45
1 69
15 29
12 54
34 7
24 17
3 7
25 54
28 5
1 45
8 41
7 19
16 25
9 14
17 62
13 10
0 1
38 18
21 43
4 21
26 38
7 8
33 56
5 50
37 60
25 64
24 31
5 67
10 30
0 24
27 68
25 0
28 27
14 34
26 33
7 1
16 23
19 2
34 16
37 37
0 31
25 9
28 18
21 61
26 40
29 13
39 25
36 65
19 11
9 33
34 43
37 46
10 0
16 64
35 24
0 22
1 9
39 28
12 66
16 5
13 64
19 16
5 45
9 42
30 63
34 34
15 68
37 67
23 4
18 59
11 24
1 2
4 9
29 31
22 38
5 22
34 61
23 29
10 50
32 11
13 39
38 49
19 30
5 31
27 46
34 52
24 66
23 26
29 50
10 61
32 2
35 15
38 40
11 22
1 28
39 11
31 65
29 17
19 39
2 53
22 48
27 39
20 14
23 19
32 25
31 51
35 52
18 36
38 35
11 15
14 8
36 29
39 0
5 1
27 60
3 55
6 32
10 47
32 16
37 35
3 68
14 19
36 4
26 30
12 29
23 33
6 27
32 23
31 33
18 22
8 0
7 56
11 61
33 8
26 25
19 58
6 18
28 43
31 46
18 17
33 1
14 29
37 23
2 25
24 54
0 47
20 34
3 42
6 21
28 34
31 23
7 46
33 26
16 62
36 49
9 17
15 15
37 30
2 16
24 61
20 41
25 34
28 57
18 3
4 50
7 39
11 32
33 19
36 56
37 7
20 65
0 61
20 48
3 24
29 47
33 20
16 44
9 3
27 22
0 52
20 63
3 1
31 2
4 32
8 35
33 45
16 35
34 4
37 9
24 18
38 24
3 6
28 6
32 65
9 56
1 44
7 18
16 26
34 31
17 61
38 19
3 15
25 62
8 66
7 11
29 58
33 63
5 49
12 37
34 22
17 54
5 66
23 43
10 31
13 2
39 67
38 10
25 7
28 20
1 62
21 51
26 46
21 68
19 5
34 17
17 47
37 36
10 6
35 18
1 55
19 10
22 21
5 35
6 66
10 1
30 68
13 52
0 23
25 17
14 45
29 5
16 6
2 41
15 27
5 44
34 35
17 25
23 7
13 45
18 56
25 26
14 52
39 20
4 10
26 59
2 32
30 39
23 28
6 60
11 69
32 12
13 38
23 61
18 66
39 13
2 59
27 33
30 46
6 55
10 58
32 3
14 6
36 23
1 19
39 10
26 13
15 45
19 38
22 49
27 38
9 66
30 17
17 12
3 49
23 18
6 46
10 37
18 37
11 14
26 20
15 42
19 47
2 13
24 34
13 68
30 24
20 22
10 44
15 51
2 4
24 41
5 9
3 63
6 24
28 45
7 59
11 60
33 15
39 49
12 21
15 56
24 48
30 10
0 41
32 47
8 8
7 48
39 46
12 12
15 1
2 22
24 55
27 2
35 66
0 32
20 35
3 45
28 35
32 38
4 52
8 15
16 63
39 39
12 11
2 17
20 42
3 18
25 33
32 61
31 31
18 0
7 38
11 35
9 25
12 2
15 23
37 6
24 5
13 29
20 49
3 27
23 68
6 4
7 45
32 52
31 4
7 31
16 45
36 32
1 66
15 28
37 15
3 0
25 51
4 33
8 36
33 44
36 47
26 69
23 64
37 8
0 12
38 25
1 35
21 32
29 32
33 37
22 1
5 55
12 47
34 28
37 49
24 26
11 51
10 21
39 64
0 3
3 14
25 61
8 67
21 41
4 23
26 36
16 18
21 69
22 24
34 23
37 58
5 65
21 50
26 47
33 55
16 9
19 4
22 19
5 57
9 62
30 51
10 7
35 21
0 17
14 43
1 54
21 59
26 54
29 11
12 69
16 0
2 47
22 42
30 58
34 41
37 44
23 9
18 62
38 5
14 50
29 4
16 7
9 40
17 24
23 6
6 58
11 66
13 44
18 57
38 60
25 25
14 53
4 11
26 56
2 33
5 20
23 31
10 48
35 8
38 55
2 56
5 29
27 32
34 50
24 68
6 52
32 4
35 49
18 43
38 46
15 44
19 41
30 22
0 69
20 8
3 48
23 45
32 27
31 61
35 54
18 34
14 14
36 31
39 2
15 53
19 46
9 68
30 25
34 68
10 45
11 6
39 59
26 28
27 55
30 0
20 30
3 62
23 35
31 35
35 36
8 2
11 63
33 14
39 48
15 59
3 39
6 16
21 2
8 9
7 51
23 59
36 52
39 41
7 64
12 13
15 0
37 19
24 56
27 5
4 53
8 48
7 40
16 48
39 38
15 9
37 28
27 26
27 62
25 32
6 2
32 62
38 68
21 20
29 65
33 17
16 55
36 58
12 3
15 22
37 5
24 6
3 26
25 41
6 5
28 50
23 42
36 33
9 1
34 11
37 14
0 54
3 3
31 12
4 34
29 38
16 37
36 40
19 68
22 15
26 66
9 10
34 2
17 58
24 20
0 13
3 8
25 59
1 34
25 67
4 41
7 12
12 40
31 21
37 48
24 27
10 18
13 7
0 4
25 60
8 68
1 59
4 16
26 37
7 5
29 56
33 61
12 39
37 57
5 64
0 27
25 5
33 69
1 60
21 49
7 2
33 54
16 10
22 16
30 48
34 47
37 34
10 4
13 57
17 26
14 40
29 10
16 1
5 33
9 38
30 59
34 38
17 38
6 64
10 15
13 50
25 23
1 14
21 67
29 3
2 39
22 34
5 42
9 47
15 65
6 59
13 43
35 2
38 61
14 58
1 7
39 22
26 57
22 37
5 19
27 42
35 11
11 18
18 64
39 15
29 21
19 35
22 60
30 44
23 23
32 5
14 4
1 17
22 68
19 40
22 55
30 23
20 9
3 51
25 66
10 35
35 57
3 64
8 21
11 0
14 15
24 36
5 14
30 30
35 62
7 60
14 22
39 58
26 29
15 61
19 54
27 54
30 1
20 31
23 34
6 30
4 64
8 3
12 23
15 58
24 50
30 8
0 43
20 38
13 66
6 17
32 33
18 12
7 50
33 6
16 58
36 53
39 40
7 67
12 14
15 3
37 18
24 57
9 69
35 68
0 34
23 48
6 8
32 56
21 10
8 49
11 44
33 31
16 49
36 60
12 5
9 63
37 27
27 29
4 61
36 59
9 31
15 17
37 4
27 18
0 48
25 40
